camera_matrix:
- [2326.992997400779, 0.0, 309.8721708353545]
- [0.0, 2329.907707071474, 92.36154469562676]
- [0.0, 0.0, 1.0]
dist_coeff:
- [17.310671420060352, -2447.488672160512, 0.05852601296976473, 0.028659424167888768,
  111796.34761183384]
