camera_matrix:
- [6307.696600183637, 0.0, 279.0980254031121]
- [0.0, 6203.605232159157, 210.86361972071563]
- [0.0, 0.0, 1.0]
dist_coeff:
- [101.37603770208769, -81019.85282860816, 0.39845748013825794, -0.025554856556374638,
  -158.00981692246188]
