camera_matrix:
- [342.9090669097511, 0.0, 288.39636683377444]
- [0.0, 347.1395041109796, 129.09710843160983]
- [0.0, 0.0, 1.0]
dist_coeff:
- [-0.246755080759179, 1.3721789547426713, -0.0017139907171466278, 0.000667733156971001,
  -1.9388516246062042]
