camera_matrix:
- [2663.3642544573186, 0.0, 285.8663551018499]
- [0.0, 2468.9134090385314, 155.9710874202507]
- [0.0, 0.0, 1.0]
dist_coeff:
- [2.3235275795504178, -95.35554761638357, 0.04511428085826964, 0.05800060273046491,
  -15040.521094554522]
