camera_matrix:
- [595.5474801353331, 0.0, 303.45752458951307]
- [0.0, 594.0448494584222, 152.84719268193234]
- [0.0, 0.0, 1.0]
dist_coeff:
- [-0.19555154215082107, 5.319118843118959, -0.004025578730108146, 0.004301357336565053,
  -26.114415942748867]
