camera_matrix:
- [2395.7121321945096, 0.0, 305.8671182446319]
- [0.0, 2409.1586122101744, 73.2337157265248]
- [0.0, 0.0, 1.0]
dist_coeff:
- [20.44489251827873, -2736.115656498902, 0.02403938007323324, 0.022142403934327926,
  119051.24520911927]
