camera_matrix:
- [2852.17531058659, 0.0, 288.80561242544593]
- [0.0, 2614.3322235904056, 160.09735761457262]
- [0.0, 0.0, 1.0]
dist_coeff:
- [2.566438219568933, 205.60602097923478, 0.023009239942777992, 0.10091546898272667,
  -12583.569148211938]
